0.140940
0.153398
0.164436
0.134100
0.154618
0.161616
0.170082
0.169935
0.169048
0.200461
0.231054
0.247582
0.203354
0.176724
0.134146
0.140381
0.144050
0.146617
0.173116
0.200828
0.168699
0.187905
0.179924
0.154589
0.183124
0.191829
0.202147
0.205645
0.184028
0.131148
0.178634
0.192308
0.152212
0.185886
0.221790
0.178637
0.201401
0.239812
0.231317
0.172628
0.174954
0.185662
0.200675
0.195440
0.234332
0.252747
0.171244
0.169284
0.222985
0.225632
0.256623
0.280193
0.269985
0.241206
0.229481
0.242881
0.222222
0.233983
0.229443
0.243411
0.269345
0.296496
0.272401
0.253846
0.286301
0.318117
0.280453
0.278736
0.276786
0.293638
0.268041
0.285519
0.319902
0.367072
0.368741
0.321958
0.326923
0.344316
0.338462
0.358357
0.324359
0.341554
0.331081
0.340813
0.421839
0.419789
0.396070
0.437500
0.477979
0.438316
0.422961
0.396104
0.401099
0.369171
0.408638
0.410165
0.420596
0.446281
0.431894
0.409556
0.392727
0.383708
0.335294
0.335766
0.301648
0.333333
0.331677
0.302615
0.301038
0.321926
0.279449
0.228718
